1744277783514222848 1.000000000000 0.000000000000 0.000000000000 0.000000000000 0.000000000000 1.000000000000 0.000000000000 0.000000000000 0.000000000000 0.000000000000 1.000000000000 0.000000000000 0.000000000000 0.000000000000 0.000000000000 1.000000000000 0.000000000000 0.000000000000 0.000000000000 0.000000000000 0.000000000000 0.000000000000
1744277783524222976 0.999999999205 -0.000003109612 0.000039763858 0.001244081760 0.000003111277 0.999999999119 -0.000041865869 0.002226380384 -0.000039763728 0.000041865993 0.999999998333 0.003560965167 0.000000000000 0.000000000000 0.000000000000 1.000000000000 0.347800494639 0.621947442826 0.997482669629 0.011743484085 0.011159274667 0.000873928558
1744277783534222848 0.999999966057 -0.000020357427 0.000259751116 0.008031825885 0.000020428354 0.999999962511 -0.000273057192 0.014328091986 -0.000259745548 0.000273062489 0.999999928985 0.023124255058 0.000000000000 0.000000000000 0.000000000000 1.000000000000 1.022970173510 1.821538384419 2.962135056863 0.035116697057 0.033449589395 0.002634512089
1744277783544222720 0.999999752438 -0.000055071424 0.000701492679 0.021364961224 0.000055587692 0.999999727637 -0.000735958855 0.037940183612 -0.000701451957 0.000735997667 0.999999483136 0.061968278330 0.000000000000 0.000000000000 0.000000000000 1.000000000000 1.595903844228 2.822760263274 4.689415468401 0.056197774362 0.053718671637 0.004266316487
1744277783554222848 0.999999150819 -0.000102207311 0.001299197884 0.038772044467 0.000103973556 0.999999070482 -0.001359494540 0.068422062009 -0.001299057727 0.001359628468 0.999998231928 0.113574906981 0.000000000000 0.000000000000 0.000000000000 1.000000000000 1.800550501527 3.147258804927 5.424048766037 0.066213821310 0.063650038656 0.005122203237
1744277783564222720 0.999998129763 -0.000152271957 0.001928025892 0.055922241376 0.000156148359 0.999997966622 -0.002010564409 0.097852130803 -0.001927715819 0.002010861707 0.999996120166 0.166110021885 0.000000000000 0.000000000000 0.000000000000 1.000000000000 1.534404125885 2.614327565364 4.859984495612 0.061540240703 0.059762316717 0.004923250921
1744277783574222848 0.999996973476 -0.000195157352 0.002452540129 0.068253144842 0.000201400655 0.999996739524 -0.002545658697 0.118021120263 -0.002452035329 0.002546144936 0.999993752315 0.206922832116 0.000000000000 0.000000000000 0.000000000000 1.000000000000 0.858541195201 1.340907109644 3.140488499202 0.043701814279 0.043410389982 0.003758761905
1744277783584222720 0.999996124763 -0.000223644736 0.002774967172 0.072618318036 0.000231587280 0.999995877021 -0.002862220883 0.123387249234 -0.002774315610 0.002862852439 0.999992053593 0.227035563792 0.000000000000 0.000000000000 0.000000000000 1.000000000000 -0.002278571215 -0.258365425481 0.858287627876 0.019373444717 0.020786083865 0.002086109724
1744277783594222848 0.999995814165 -0.000236705738 0.002883682122 0.068957205177 0.000245213188 0.999995618063 -0.002950207569 0.114021871016 -0.002882971155 0.002950902336 0.999991490290 0.225654385706 0.000000000000 0.000000000000 0.000000000000 1.000000000000 -0.659637371003 -1.471444779339 -0.944641292961 0.000377254312 0.002915622956 0.000730308225
1744277783604222720 0.999995789254 -0.000242441793 0.002891832839 0.061653692577 0.000250921256 0.999995669586 -0.002932208550 0.098016162681 -0.002891109427 0.002932921825 0.999991519692 0.213753266856 0.000000000000 0.000000000000 0.000000000000 1.000000000000 -0.725164548657 -1.590308500929 -1.274313838306 -0.002454498258 0.000363386697 0.000624662186
1744277783614222848 0.999995782890 -0.000251414204 0.002893266738 0.054944741561 0.000259796094 0.999995769876 -0.002897022063 0.083124504403 -0.002892526146 0.002897761505 0.999991618100 0.200462558723 0.000000000000 0.000000000000 0.000000000000 1.000000000000 -0.603800868487 -1.366704941835 -1.384895537507 -0.004849000048 -0.000129857342 0.001242752402
1744277783624222720 0.999995791592 -0.000268172901 0.002888750834 0.049717544323 0.000276354953 0.999995950682 -0.002832357305 0.070950155014 -0.002887979576 0.002833143705 0.999991816402 0.186022482692 0.000000000000 0.000000000000 0.000000000000 1.000000000000 -0.439097778033 -1.067895322659 -1.503007253955 -0.008097102503 -0.000792857962 0.002123933355
1744277783634222848 0.999995816437 -0.000293856103 0.002877630612 0.046116598843 0.000301730686 0.999996210448 -0.002736429964 0.061702688180 -0.002876815590 0.002737286786 0.999992115565 0.170384111743 0.000000000000 0.000000000000 0.000000000000 1.000000000000 -0.285937762018 -0.796659348431 -1.623501422776 -0.010917868594 -0.001427388353 0.002983707096
1744277783644222720 0.999995854023 -0.000327181161 0.002860924458 0.043824406128 0.000334671770 0.999996516607 -0.002618161129 0.054727084416 -0.002860057880 0.002619107745 0.999992480143 0.153545954661 0.000000000000 0.000000000000 0.000000000000 1.000000000000 -0.182016468305 -0.622951226998 -1.742427974211 -0.012454195780 -0.001895765912 0.003623870810
1744277783654222848 0.999995898421 -0.000365316059 0.002840719200 0.042232407115 0.000372398098 0.999996823342 -0.002492914923 0.048831734376 -0.002839799474 0.002493962576 0.999992857819 0.135538238055 0.000000000000 0.000000000000 0.000000000000 1.000000000000 -0.147820508194 -0.583840275915 -1.857072802232 -0.012273289947 -0.002120966813 0.003932675090
1744277783664222720 0.999995943095 -0.000404739174 0.002819570700 0.040613279140 0.000411445385 0.999997087251 -0.002378277264 0.042619808480 -0.002818599906 0.002379427715 0.999993196886 0.116413912452 0.000000000000 0.000000000000 0.000000000000 1.000000000000 -0.186651397032 -0.683527752676 -1.965947078181 -0.010366401249 -0.002086544642 0.003884708315
1744277783674222592 0.999995982550 -0.000442111353 0.002799896825 0.038292346225 0.000448523129 0.999997277840 -0.002289790485 0.034817734114 -0.002798876861 0.002291037104 0.999993458697 0.096232890326 0.000000000000 0.000000000000 0.000000000000 1.000000000000 -0.284621528650 -0.893316519038 -2.068820405393 -0.007148877764 -0.001836693484 0.003540966478
1744277783684222720 0.999996013528 -0.000475137525 0.002783374221 0.034819346522 0.000481363836 0.999997382677 -0.002236722464 0.024604857367 -0.002782304186 0.002238053363 0.999993624930 0.075050513507 0.000000000000 0.000000000000 0.000000000000 1.000000000000 -0.410669234448 -1.151606963333 -2.166722937881 -0.003460040859 -0.001476223659 0.003048792404
1744277783694222592 0.999996035897 -0.000503428647 0.002770333758 0.030140508563 0.000509573478 0.999997410791 -0.002217824746 0.011943484664 -0.002769210069 0.002219227642 0.999993703232 0.052906552910 0.000000000000 0.000000000000 0.000000000000 1.000000000000 -0.516549555990 -1.363844637974 -2.261949439001 -0.000563604760 -0.001170633087 0.002641935823
1744277783704222720 0.999996053353 -0.000529223436 0.002759202829 0.024771599577 0.000535341714 0.999997398844 -0.002217141115 -0.002092122340 -0.002758022289 0.002218609481 0.999993735523 0.029835892434 0.000000000000 0.000000000000 0.000000000000 1.000000000000 -0.535396861758 -1.401039320517 -2.333733377691 -0.000086524951 -0.001099120079 0.002504989129
1744277783714222592 0.999996070293 -0.000549582475 0.002749064781 0.019899804430 0.000555651872 0.999997409033 -0.002207527788 -0.015198721620 -0.002747844440 0.002209046636 0.999993784713 0.007269827644 0.000000000000 0.000000000000 0.000000000000 1.000000000000 -0.421734624858 -1.187931402063 -2.136262259552 -0.002101041450 -0.000909045671 0.001375518020
1744277783724222720 0.999996089105 -0.000554469004 0.002741229535 0.016539103530 0.000560423871 0.999997484072 -0.002172043780 -0.025454167052 -0.002740018307 0.002173571536 0.999993883925 -0.012405344463 0.000000000000 0.000000000000 0.000000000000 1.000000000000 -0.246700692538 -0.854732625719 -1.791909810487 -0.005031297958 -0.000670774792 -0.000452601427
1744277783734222592 0.999996113386 -0.000540606580 0.002735133906 0.014934492286 0.000546373068 0.999997628916 -0.002107994268 -0.032316804231 -0.002733987826 0.002109480479 0.999994037684 -0.028706695204 0.000000000000 0.000000000000 0.000000000000 1.000000000000 -0.080246064967 -0.526760103506 -1.487836686279 -0.007655198603 -0.000578778629 -0.002274432876
1744277783744222720 0.999996146739 -0.000510663308 0.002728686423 0.014743392209 0.000516183862 0.999997820847 -0.002022833515 -0.036304480020 -0.002727647490 0.002024234224 0.999994231191 -0.042715546030 0.000000000000 0.000000000000 0.000000000000 1.000000000000 0.030038475245 -0.290513324088 -1.349258359409 -0.009160749848 -0.000746947779 -0.003606562389
1744277783754222592 0.999996192390 -0.000471038605 0.002719067684 0.015259538041 0.000476287518 0.999998023960 -0.001930084740 -0.038604939602 -0.002718153167 0.001931372449 0.999994440706 -0.056454822696 0.000000000000 0.000000000000 0.000000000000 1.000000000000 0.058900505505 -0.193712951552 -1.439504231257 -0.009145618937 -0.001208618986 -0.004186793130
1744277783764222720 0.999996253166 -0.000429642215 0.002703527532 0.015636226750 0.000434631707 0.999998203106 -0.001845231805 -0.040688729919 -0.002702729885 0.001846399930 0.999994643015 -0.072272835731 0.000000000000 0.000000000000 0.000000000000 1.000000000000 0.003451433965 -0.245238431503 -1.760007165223 -0.007617388580 -0.001916629764 -0.003974402976
1744277783774222592 0.999996330796 -0.000393686331 0.002680187756 0.015109739982 0.000398462278 0.999998333484 -0.001781644251 -0.043920338196 -0.002679481880 0.001782705668 0.999994821155 -0.092221074239 0.000000000000 0.000000000000 0.000000000000 1.000000000000 -0.116833792712 -0.415125525983 -2.250293418501 -0.004993548355 -0.002743237753 -0.003150053234
1744277783784222720 0.999996424300 -0.000367463018 0.002648841056 0.013222840376 0.000372089883 0.999998405696 -0.001746469368 -0.049170444212 -0.002648195070 0.001747448730 0.999994966730 -0.117438793520 0.000000000000 0.000000000000 0.000000000000 1.000000000000 -0.260120818500 -0.634550596977 -2.788047921691 -0.002101215786 -0.003480249435 -0.002115795176
1744277783794222592 0.999996528054 -0.000350135642 0.002611758994 0.010048311297 0.000354671780 0.999998429296 -0.001736552172 -0.056427120235 -0.002611146863 0.001737472460 0.999995081539 -0.147529912629 0.000000000000 0.000000000000 0.000000000000 1.000000000000 -0.362191224014 -0.795779852744 -3.189034027108 -0.000177555170 -0.003838865318 -0.001495222922
1744277783804222464 0.999996635754 -0.000334010070 0.002572337123 0.006342445876 0.000338479772 0.999998433497 -0.001737364202 -0.064409097955 -0.002571752797 0.001738229042 0.999995182312 -0.180210158856 0.000000000000 0.000000000000 0.000000000000 1.000000000000 -0.370809038949 -0.756080092731 -3.334397387449 0.000569414399 -0.004451338375 -0.001885210348
1744277783814222592 0.999996794057 -0.000311122147 0.002512981882 0.002695173863 0.000315535891 0.999998408148 -0.001756171733 -0.070829367413 -0.002512431497 0.001756959038 0.999995300380 -0.214402167733 0.000000000000 0.000000000000 0.000000000000 1.000000000000 -0.359538152771 -0.505129675250 -3.511599283105 0.003457743117 -0.007738027680 -0.002753487721
1744277783824222464 0.999997047209 -0.000278930525 0.002414077493 -0.000805703763 0.000283299067 0.999998322799 -0.001809458757 -0.074241807374 -0.002413568731 0.001810137320 0.999995449034 -0.250541644674 0.000000000000 0.000000000000 0.000000000000 1.000000000000 -0.344707565470 -0.176888957466 -3.717524143672 0.007201600891 -0.012062186416 -0.003711596645
1744277783834222592 0.999997387788 -0.000237873044 0.002273286797 -0.004149653718 0.000242189601 0.999998168081 -0.001898730874 -0.074431130438 -0.002272830976 0.001899276481 0.999995613484 -0.288754072453 0.000000000000 0.000000000000 0.000000000000 1.000000000000 -0.331727158903 0.122279544938 -3.920932372890 0.010465419060 -0.015898242044 -0.004508860240
1744277783844222464 0.999997774659 -0.000190443712 0.002101049086 -0.007373826354 0.000194675996 0.999997952253 -0.002014346178 -0.072076814854 -0.002100661164 0.002014750719 0.999995763992 -0.328894426058 0.000000000000 0.000000000000 0.000000000000 1.000000000000 -0.324160060455 0.320355605694 -4.099956537948 0.012357758161 -0.018219593850 -0.004981299227
1744277783854222592 0.999998155471 -0.000140318839 0.001915558855 -0.010545921283 0.000144418042 0.999997699810 -0.002139980951 -0.068409956718 -0.001915254169 0.002140253645 0.999995875549 -0.370649314699 0.000000000000 0.000000000000 0.000000000000 1.000000000000 -0.323750209971 0.379683663546 -4.242129464950 0.012431858242 -0.018499292414 -0.005051741087
1744277783864222464 0.999998485830 -0.000091502857 0.001737804759 -0.013745158098 0.000095425090 0.999997448294 -0.002257055513 -0.064869893479 -0.001737593798 0.002257217926 0.999995942859 -0.413623173497 0.000000000000 0.000000000000 0.000000000000 1.000000000000 -0.330456158243 0.296903910895 -4.344338916462 0.010685288938 -0.016709647646 -0.004729695803
1744277783874222592 0.999998740321 -0.000047461585 0.001586538325 -0.017043800677 0.000051188620 0.999997239307 -0.002349203753 -0.062759298693 -0.001586422448 0.002349282007 0.999995982061 -0.457440857570 0.000000000000 0.000000000000 0.000000000000 1.000000000000 -0.342486338534 0.102928556502 -4.412847101732 0.007559946426 -0.013322305629 -0.004111332080
1744277783884222464 0.999998914624 -0.000010281697 0.001473311040 -0.020486490273 0.000013827493 0.999997103809 -0.002406695165 -0.062899762851 -0.001473282028 0.002406712926 0.999996018579 -0.501832640973 0.000000000000 0.000000000000 0.000000000000 1.000000000000 -0.356336269214 -0.137083030434 -4.463260653495 0.003942339614 -0.009308582694 -0.003379490177
1744277783894222592 0.999999023367 0.000020185279 0.001397446748 -0.024070108148 -0.000016788188 0.999997045228 -0.002430895795 -0.065285784206 -0.001397491688 0.002430869960 0.999996068936 -0.546736847330 0.000000000000 0.000000000000 0.000000000000 1.000000000000 -0.366831927933 -0.323796907426 -4.520538931768 0.001163037442 -0.006138911664 -0.002803534271
1744277783904222464 0.999999098619 0.000047024581 0.001341845437 -0.027724770381 -0.000043753080 0.999997027151 -0.002437985806 -0.068790359272 -0.001341956094 0.002437924899 0.999996127831 -0.592372610011 0.000000000000 0.000000000000 0.000000000000 1.000000000000 -0.368955286511 -0.356994087980 -4.611149485311 0.000536739257 -0.005281275419 -0.002647612543
1744277783914222592 0.999999164160 0.000072994903 0.001290871910 -0.031387295035 -0.000069841820 0.999997014713 -0.002442475791 -0.072357337924 -0.001291046344 0.002442383592 0.999996183974 -0.638977108338 0.000000000000 0.000000000000 0.000000000000 1.000000000000 -0.369459324854 -0.357048181304 -4.709265631599 0.000354968335 -0.004900074446 -0.002568991149
1744277783924222464 0.999999221828 0.000098122155 0.001243670457 -0.035055459695 -0.000095080887 0.999997005924 -0.002445220541 -0.075924337236 -0.001243906664 0.002445100388 0.999996237083 -0.686561489298 0.000000000000 0.000000000000 0.000000000000 1.000000000000 -0.370065898090 -0.356847738029 -4.807381588486 0.000193602511 -0.004533061235 -0.002477563253
1744277783934222336 0.999999272584 0.000122285267 0.001199948667 -0.038730194280 -0.000119349226 0.999997000017 -0.002446571583 -0.079489038258 -0.001200244247 0.002446426591 0.999996287198 -0.735127061912 0.000000000000 0.000000000000 0.000000000000 1.000000000000 -0.370722286965 -0.356436373925 -4.905519667246 0.000080583414 -0.004208446990 -0.002374693463
1744277783944222464 0.999999317580 0.000145375409 0.001159183335 -0.042411778414 -0.000142538416 0.999996995653 -0.002447113982 -0.083049368696 -0.001159535603 0.002446947084 0.999996333957 -0.784675421951 0.000000000000 0.000000000000 0.000000000000 1.000000000000 -0.371392364507 -0.355864299212 -5.003692812306 0.000034696099 -0.003944223660 -0.002261601133
1744277783954222336 0.999999357994 0.000167293148 0.001120725434 -0.046099754061 -0.000164549690 0.999996991146 -0.002447574830 -0.086603316983 -0.001121131524 0.002447388843 0.999996376669 -0.835204435078 0.000000000000 0.000000000000 0.000000000000 1.000000000000 -0.372055591486 -0.355187541077 -5.101897201863 0.000065567817 -0.003748179184 -0.002139371248
1744277783964222464 0.999999394923 0.000187951331 0.001083895190 -0.049793795857 -0.000185296708 0.999996984684 -0.002448731745 -0.090149669555 -0.001084352164 0.002448529421 0.999996414436 -0.886717078015 0.000000000000 0.000000000000 0.000000000000 1.000000000000 -0.372706144456 -0.354466949377 -5.200129984364 0.000173664771 -0.003617853580 -0.002008934357
1744277783974222336 0.999999429271 0.000207269448 0.001048092298 -0.053493181222 -0.000204699727 0.999996974557 -0.002451321082 -0.093687396213 -0.001048597211 0.002451105139 0.999996446257 -0.939210987289 0.000000000000 0.000000000000 0.000000000000 1.000000000000 -0.373351742988 -0.353767401838 -5.298369309296 0.000350286164 -0.003540578982 -0.001871092193
1744277783984222464 0.999999461674 0.000225176687 0.001012890560 -0.057197788406 -0.000222688517 0.999996959363 -0.002455946658 -0.097216503676 -0.001013440502 0.002455719777 0.999996471183 -0.992688904101 0.000000000000 0.000000000000 0.000000000000 1.000000000000 -0.374012700799 -0.353156697770 -5.396594585347 0.000577585670 -0.003493451083 -0.001726491633
1744277783994222336 0.999999492427 0.000241606840 0.000978147538 -0.060907597693 -0.000239197056 0.999996938234 -0.002462987563 -0.100737453720 -0.000978739618 0.002462752343 0.999996488454 -1.047147816531 0.000000000000 0.000000000000 0.000000000000 1.000000000000 -0.374720662766 -0.352704686576 -5.494766506155 0.000828537695 -0.003443347404 -0.001575653322
